10 1 0.5
20 1 0.5
21 1 0.5
17 2 0.5
18 2 0.5
1 3 0.5
5 3 0.5
18 3 0.5
3 4 0.5
9 4 0.5
15 4 0.5
22 4 0.5
23 4 0.5
2 5 0.5
7 5 0.5
9 5 0.5
13 5 0.5
18 5 0.5
3 6 0.5
7 6 0.5
24 7 0.5
5 7 0.5
9 7 0.5
18 7 0.5
13 8 0.5
15 8 0.5
5 9 0.5
19 9 0.5
21 9 0.5
6 11 0.5
11 11 0.5
16 11 0.5
17 11 0.5
2 12 0.5
11 12 0.5
19 12 0.5
5 14 0.5
12 14 0.5
13 14 0.5
5 15 0.5
2 16 0.5
7 16 0.5
10 16 0.5
18 16 0.5
5 17 0.5
11 17 0.5
21 17 0.5
23 17 0.5
16 18 0.5
2 19 0.5
9 19 0.5
17 19 0.5
24 19 0.5
5 20 0.5
13 20 0.5
15 20 0.5
16 20 0.5
21 20 0.5
25 20 0.5
3 21 0.5
4 21 0.5
7 21 0.5
15 21 0.5
20 21 0.5
24 21 0.5
6 22 0.5
5 23 0.5
9 23 0.5
11 23 0.5
16 23 0.5
20 23 0.5
23 23 0.5
4 25 0.5
9 25 0.5
18 25 0.5